
6573680043032641|02|2025|647
6573680015875365|09|2026|800 
6573680041386007|12|2025|857 
6573680046046804|09|2024|276 
6573680086433615|09|2023|211 
6573680042262827|10|2023|768 
6573680087077312|08|2024|420 
6573680056037057|02|2024|415 
6573680087213255|11|2024|640  
6573680066871370|08|2025|517  
6573680063233244|12|2024|351  
6573680088642544|06|2024|031  
6573680002364522|08|2023|300  
6573680083863178|11|2025|412  
6573680086746727|07|2023|544  
6573680081271804|06|2024|533  
6573680044007824|03|2025|328  
6573680046354216|03|2026|752  
6573680018612567|01|2023|302  
6573680046675487|04|2025|527  
6573680017555437|11|2024|861  
6573680085001074|09|2025|466  
6573680063734670|04|2023|116  
6573680055500386|03|2026|810  
6573680038778752|07|2025|128  
6573680060161620|12|2025|766  
6573680014138633|12|2024|081  
6573680080617247|05|2023|622  
6573680085244336|04|2024|303  
6573680086858316|09|2026|547  
6573680042887482|06|2025|755  
6573680055530037|04|2025|178  
6573680081301353|03|2024|146  
6573680056146247|05|2026|746  
6573680064612537|03|2026|637  
6573680043513582|02|2025|685  
6573680067413537|06|2024|330  
6573680083706203|01|2024|041  
6573680085480575|02|2026|017  
6573680024857685|04|2025|264  
6573680080718623|09|2026|751  